theta_a=[1.875, 5.625, 9.375, 13.125, 16.875, 20.625, 24.375, 28.125, 31.875,...
    35.625, 39.375, 43.125, 46.875, 50.625, 54.375, 58.125, 61.875, 65.625,...
    69.375, 73.125, 76.875, 80.625, 84.375, 88.125, 91.875, 95.625, 99.375,...
    103.125, 106.875];
A_6=[1.28, 1.15, 1.00, 0.860, 0.723, 0.603, 0.495, 0.405, 0.312, 0.251, 0.183,...
    0.155, 0.133, 0.111, 0.956e-1, 0.848e-1, 0.742e-1, 0.662e-1, 0.527e-1,...
    0.332e-1, 0.260e-1, 0.209e-1, 0.158e-1, 0.126e-1, 0.113e-1, 0.101e-1,...
    0.104e-1, 0.145e-1];
a_6=[1.91, 1.92, 1.89 1.86, 1.84, 1.83, 1.85, 1.82, 1.85, 1.95, 2.05, 2.16,...
    2.32, 2.45, 2.61, 2.85, 3.09, 3.36, 3.47, 3.28, 3.39, 3.55, 3.71, 3.96,...
    4.36, 4.88, 5.89, 7.71];
theta_b=[1.875, 5.624, 9.375, 13.125, 16.875, 20.625, 24.375, 28.125, 31.875,...
    35.625, 39.375, 43.125, 46.875, 50.625, 54.375, 58.125, 61.875, 65.625,...
    69.375,73.125, 76.875, 80.625, 84.375, 88.125, 91.875, 95.625, 99.375,...
    103.125, 106.875, 110.625, 114.375, 118.125, 121.875, 125.625, 129.375,...
    133.125, 136.875, 140.625, 144.375, 148.125, 151.875, 155.625, 159.375,...
    163.125, 166.875, 170.625, 174.375, 178.125];
B_6=[0.124e-1, 0.122e-1, 0.111e-1, 0.963e-2, 0.806e-2, 0.666e-2, 0.546e-2,...
    0.443e-2, 0.359e-2, 0.295e-2, 0.249e-2, 0.212e-2, 0.177e-2, 0.150e-2,...
    0.128e-2, 0.110e-2, 0.954e-3, 0.831e-3, 0.739e-3, 0.657e-3, 0.589e-3,...
    0.534e-3, 0.487e-3, 0.450e-3, 0.419e-3, 0.391e-3, 0.371e-3, 0.352e-3,...
    0.333e-3, 0.666e-3, 0.546e-3, 0.452e-3, 0.366e-3, 0.320e-3, 0.303e-3,...
    0.289e-3, 0.276e-3, 0.297e-3, 0.324e-3, 0.237e-3, 0.230e-3, 0.221e-3,...
    0.219e-3, 0.212e-3, 0.205e-3, 0.206e-3, 0.201e-3, 0.206e-3];
b_6=[0.281e-1, 0.213e-1, 0.224e-1, 0.237e-1, 0.245e-1, 0.253e-1, 0.263e-1,...
    0.267e-1, 0.263e-1, 0.266e-1, 0.278e-1, 0.291e-1, 0.286e-1, 0.277e-1,...
    0.268e-1, 0.254e-1, 0.244e-1, 0.231e-1, 0.224e-1, 0.212e-1, 0.203e-1,...
    0.196e-1, 0.186e-1, 0.184e-1, 0.184e-1, 0.179e-1, 0.184e-1, 0.187e-1,...
    0.185e-1, 0.725e-1, 0.594e-1, 0.479e-1, 0.357e-1, 0.295e-1, 0.286e-1,...
    0.279e-1, 0.268e-1, 0.268e-1, 0.268e-1, 0.193e-1, 0.180e-1, 0.158e-1,...
    0.155e-1, 0.140e-1, 0.120e-1, 0.124e-1, 0.108e-1, 0.185e-1];